12084902882
12085276948
12183986781
12186715637
12187799926
12264817064_20250510_044740
12264817069_20250510_045140
12264817075
12264817083_20250510_044743
12264817088
12264817092_20250510_044814
12264817101
12264817133
12545284128
12545284327
12545284667
12602562482
12609069663
12723410066
12723420598
12763104123
12763104577
12763153579
13159147962
13212466354_20250510_055125
13257338495_20250510_055039
13264670393_20250510_055154
13303249691_20250510_055106
13305537931_20250510_055141
13309787113_20250510_055325
13313092246
13323238910_20250510_055122
13343542775
13344009456_20250510_055118
13344759098_20250510_055109
13346633787_20250510_055309
13362104517_20250510_055233
13363404597_20250510_055329
13364102418_20250510_055050
13366479939
13372676622_20250510_055329
13374475337_20250510_055227
13392410885_20250510_055115
13413452515_20250510_055033
13418996242_20250510_055037
13418997512_20250510_055250
13462101982_20250510_055229
13462184741_20250510_055319
13463814219_20250510_055333
13464642977_20250510_055151
13464738027_20250510_055306
13464750447_20250510_055058
13466422861_20250510_055242
13466532098_20250510_055336
13466587231_20250510_055129
13467549360
13468059596
13468375589
13469072214
13472102854
13472229650
13472319362
13472355083
13472455759
13472605203
13474789347
13474939768
13475960353
13476159715
13476254437
13476291046
13476462994
13476535845
13477284176
13478741946
14059813969
14059878303
14059878308
14059878315
14059878328
14059878330
14059878331
14059878448
14059878552
14059878553
14059878560
14059878563
14059878572
14059878586
14059878589
14059878629
14059878635
14059878642
14059878648
14059878652
14059878655
14059878660
14059878678
14059878680
14059878685
14059878689
14059878697
14059878702
14059878816
14059892034
14059892036
14059892046
14059892053
14059892055
14059892056
14059892058
14059892076
14059892082
14059892083
14059892093
14059892144
14059892173
14059892198
14059892215
14059892224
14059892225
14059892228
14059892237
14059892254
14059892258
14059892260
14059892263
14059892270
14059892303
14059892308
14059892312
14059892335
14059892347
14059892367
14059892632
14059892636
14059892639
14059892647
15015994448
15015994737
15015994788
15075414490
15513770958
15513771367
15722242356
17797591286
17798790426
17814131014
17814929227
17816987548
17818312887
17852264984
17852592350
17853060363
17853179722
18145815287
18169554256
18303620986
18575502721
18594018973
18624352937
18624392621
18624392901
18625684041
18625684853
19086418248
19086418259
19363513548
19363514461
19515520725
19543302186
19592379340
19714661423
19789434985
19793262927
19794186708
19804276045
19804549956
19842255514
19843717129
19843790003
19843790008
19843790029
19843790052
19843799351
19852153884
19852943180
19853394972
19853467747
19898504696
48513634693
59165170127
59165348409
59165534690
59165620694
59165717071
59165723695
59167163144
59169388781
59169520821
59169813520
59169872370
59169878250
59169924687
59174187336
59174573294
59174756845
59175223542
59175327095
59175335583
59175508554
79965348566
79965362731
79965372049
79965372267
79965377168
79965377514
79965378430
79965379524
79966482530
905497378822
905497502453
905497526046
905497547393
905498111008
905498292990
905498355588
905498403122
905498661400
905498846373
905498864695
905498964043
905499148483
905499175864
905499391652
905499576952
905499802301
905511175105
905511240480
905512046765
998950346307
998951446532
998952264937
998952482923
998952687201
998953708440
998954252087
998954252350
998954793836
998954795380
998955535852
998955703970
998956788300
998958544859
998958657715
998959670391
998959880853
998993819046
998995483804
998997826968
